Unnamed: 0,index,ID,duration,start_seg,end_seg,wav,wav_format,wav_opts,spk_id,spk_id_format,spk_id_opts,wrd,wrd_format,wrd_opts,char,char_format,char_opts
12,42517,VincentMoon_2014G_92.86_96.35,3.49,92.86,96.35,./ressources/audio/TEDLIUM_release-3/legacy/train/sph/VincentMoon_2014G.sph,sph,,VincentMoon_2014G,string,,to tom jones in his hotel room in new york ,string,,t o _ t o m _ j o n e s _ i n _ h i s _ h o t e l _ r o o m _ i n _ n e w _ y o r k _,string,
118,42623,VincentMoon_2014G_886.08_893.12,7.04,886.08,893.12,./ressources/audio/TEDLIUM_release-3/legacy/train/sph/VincentMoon_2014G.sph,sph,,VincentMoon_2014G,string,,great honor for me to welcome onstage one of the greatest brazilian musicians of all time please welcome nan vasconcelos,string,,g r e a t _ h o n o r _ f o r _ m e _ t o _ w e l c o m e _ o n s t a g e _ o n e _ o f _ t h e _ g r e a t e s t _ b r a z i l i a n _ m u s i c i a n s _ o f _ a l l _ t i m e _ p l e a s e _ w e l c o m e _ n a n _ v a s c o n c e l o s,string,
110,42615,VincentMoon_2014G_829.06_838.95,9.89,829.06,838.95,./ressources/audio/TEDLIUM_release-3/legacy/train/sph/VincentMoon_2014G.sph,sph,,VincentMoon_2014G,string,,tell us a couple of things vm hbridos is i really believe brazil  far from the cliches is the greatest religious country in the world the greatest,string,,t e l l _ u s _ a _ c o u p l e _ o f _ t h i n g s _ v m _ h b r i d o s _ i s _ i _ r e a l l y _ b e l i e v e _ b r a z i l _ _ f a r _ f r o m _ t h e _ c l i c h e s _ i s _ t h e _ g r e a t e s t _ r e l i g i o u s _ c o u n t r y _ i n _ t h e _ w o r l d _ t h e _ g r e a t e s t,string,
50,42555,VincentMoon_2014G_362.38_371.86,9.48,362.38,371.86,./ressources/audio/TEDLIUM_release-3/legacy/train/sph/VincentMoon_2014G.sph,sph,,VincentMoon_2014G,string,,of local people only with the help of people that i was asking all the time the same question what is important to record here,string,,o f _ l o c a l _ p e o p l e _ o n l y _ w i t h _ t h e _ h e l p _ o f _ p e o p l e _ t h a t _ i _ w a s _ a s k i n g _ a l l _ t h e _ t i m e _ t h e _ s a m e _ q u e s t i o n _ w h a t _ i s _ i m p o r t a n t _ t o _ r e c o r d _ h e r e,string,
121,42626,VincentMoon_2014G_950_966.89,16.89,950.0,966.89,./ressources/audio/TEDLIUM_release-3/legacy/train/sph/VincentMoon_2014G.sph,sph,,VincentMoon_2014G,string,,the,string,,t h e,string,
89,42594,VincentMoon_2014G_662.01_666.82,4.81,662.01,666.82,./ressources/audio/TEDLIUM_release-3/legacy/train/sph/VincentMoon_2014G.sph,sph,,VincentMoon_2014G,string,,the way we show the world is going to change the way we see this world,string,,t h e _ w a y _ w e _ s h o w _ t h e _ w o r l d _ i s _ g o i n g _ t o _ c h a n g e _ t h e _ w a y _ w e _ s e e _ t h i s _ w o r l d,string,
30,42535,VincentMoon_2014G_183.35_192.93,9.58,183.35,192.93,./ressources/audio/TEDLIUM_release-3/legacy/train/sph/VincentMoon_2014G.sph,sph,,VincentMoon_2014G,string,,could the use of new technologies and the road fit together how could i edit my films in a bus crossing the andes,string,,c o u l d _ t h e _ u s e _ o f _ n e w _ t e c h n o l o g i e s _ a n d _ t h e _ r o a d _ f i t _ t o g e t h e r _ h o w _ c o u l d _ i _ e d i t _ m y _ f i l m s _ i n _ a _ b u s _ c r o s s i n g _ t h e _ a n d e s,string,
6,42511,VincentMoon_2014G_54.78_56.86,2.08,54.78,56.86,./ressources/audio/TEDLIUM_release-3/legacy/train/sph/VincentMoon_2014G.sph,sph,,VincentMoon_2014G,string,, represent music in a different way,string,,_ r e p r e s e n t _ m u s i c _ i n _ a _ d i f f e r e n t _ w a y,string,
82,42587,VincentMoon_2014G_596.82_599.96,3.14,596.82,599.96,./ressources/audio/TEDLIUM_release-3/legacy/train/sph/VincentMoon_2014G.sph,sph,,VincentMoon_2014G,string,,to a mass in the holiest church of armenia,string,,t o _ a _ m a s s _ i n _ t h e _ h o l i e s t _ c h u r c h _ o f _ a r m e n i a,string,
44,42549,VincentMoon_2014G_297.18_304.94,7.76,297.18,304.94,./ressources/audio/TEDLIUM_release-3/legacy/train/sph/VincentMoon_2014G.sph,sph,,VincentMoon_2014G,string,,computer  camera microphones in it alone actually but just with local people meeting my team  which was,string,,c o m p u t e r _ _ c a m e r a _ m i c r o p h o n e s _ i n _ i t _ a l o n e _ a c t u a l l y _ b u t _ j u s t _ w i t h _ l o c a l _ p e o p l e _ m e e t i n g _ m y _ t e a m _ _ w h i c h _ w a s,string,
51,42556,VincentMoon_2014G_371.46_376.91,5.45,371.46,376.91,./ressources/audio/TEDLIUM_release-3/legacy/train/sph/VincentMoon_2014G.sph,sph,,VincentMoon_2014G,string,,today  by living in such a way by working without any structure,string,,t o d a y _ _ b y _ l i v i n g _ i n _ s u c h _ a _ w a y _ b y _ w o r k i n g _ w i t h o u t _ a n y _ s t r u c t u r e,string,
78,42583,VincentMoon_2014G_543.73_551.66,7.93,543.73,551.66,./ressources/audio/TEDLIUM_release-3/legacy/train/sph/VincentMoon_2014G.sph,sph,,VincentMoon_2014G,string,,that is now my my new research i 'm doing on spirituality on new spirits around the world,string,,t h a t _ i s _ n o w _ m y _ m y _ n e w _ r e s e a r c h _ i _ ' m _ d o i n g _ o n _ s p i r i t u a l i t y _ o n _ n e w _ s p i r i t s _ a r o u n d _ t h e _ w o r l d,string,
96,42601,VincentMoon_2014G_755.47_758.63,3.16,755.47,758.63,./ressources/audio/TEDLIUM_release-3/legacy/train/sph/VincentMoon_2014G.sph,sph,,VincentMoon_2014G,string,, that 's what it taught me to travel  to trust,string,,_ t h a t _ ' s _ w h a t _ i t _ t a u g h t _ m e _ t o _ t r a v e l _ _ t o _ t r u s t,string,
21,42526,VincentMoon_2014G_150.58_152.09,1.51,150.58,152.09,./ressources/audio/TEDLIUM_release-3/legacy/train/sph/VincentMoon_2014G.sph,sph,,VincentMoon_2014G,string,, at the time,string,,_ a t _ t h e _ t i m e,string,
53,42558,VincentMoon_2014G_381.73_383.54,1.81,381.73,383.54,./ressources/audio/TEDLIUM_release-3/legacy/train/sph/VincentMoon_2014G.sph,sph,,VincentMoon_2014G,string,,to the moment,string,,t o _ t h e _ m o m e n t,string,
31,42536,VincentMoon_2014G_192.92_200.08,7.16,192.92,200.08,./ressources/audio/TEDLIUM_release-3/legacy/train/sph/VincentMoon_2014G.sph,sph,,VincentMoon_2014G,string,,so i went on five year travels around the globe i started at the time in the digital film and music,string,,s o _ i _ w e n t _ o n _ f i v e _ y e a r _ t r a v e l s _ a r o u n d _ t h e _ g l o b e _ i _ s t a r t e d _ a t _ t h e _ t i m e _ i n _ t h e _ d i g i t a l _ f i l m _ a n d _ m u s i c,string,
4,42509,VincentMoon_2014G_41.99_45.16,3.17,41.99,45.16,./ressources/audio/TEDLIUM_release-3/legacy/train/sph/VincentMoon_2014G.sph,sph,,VincentMoon_2014G,string,,ten years ago first,string,,t e n _ y e a r s _ a g o _ f i r s t,string,
9,42514,VincentMoon_2014G_67.22_72.32,5.1,67.22,72.32,./ressources/audio/TEDLIUM_release-3/legacy/train/sph/VincentMoon_2014G.sph,sph,,VincentMoon_2014G,string,,every week sessions on the internet  we are going to see a few extracts now,string,,e v e r y _ w e e k _ s e s s i o n s _ o n _ t h e _ i n t e r n e t _ _ w e _ a r e _ g o i n g _ t o _ s e e _ a _ f e w _ e x t r a c t s _ n o w,string,
27,42532,VincentMoon_2014G_174.43_178.76,4.33,174.43,178.76,./ressources/audio/TEDLIUM_release-3/legacy/train/sph/VincentMoon_2014G.sph,sph,,VincentMoon_2014G,string,,going to other corners  and actually it was also,string,,g o i n g _ t o _ o t h e r _ c o r n e r s _ _ a n d _ a c t u a l l y _ i t _ w a s _ a l s o,string,
28,42533,VincentMoon_2014G_178.33_179.97,1.64,178.33,179.97,./ressources/audio/TEDLIUM_release-3/legacy/train/sph/VincentMoon_2014G.sph,sph,,VincentMoon_2014G,string,,this idea of,string,,t h i s _ i d e a _ o f,string,
5,42510,VincentMoon_2014G_45.16_54.85,9.69,45.16,54.85,./ressources/audio/TEDLIUM_release-3/legacy/train/sph/VincentMoon_2014G.sph,sph,,VincentMoon_2014G,string,,with a friend christophe  abric he had a website la blogothque dedicated to independent music we were crazy about music we wanted to,string,,w i t h _ a _ f r i e n d _ c h r i s t o p h e _ _ a b r i c _ h e _ h a d _ a _ w e b s i t e _ l a _ b l o g o t h q u e _ d e d i c a t e d _ t o _ i n d e p e n d e n t _ m u s i c _ w e _ w e r e _ c r a z y _ a b o u t _ m u s i c _ w e _ w a n t e d _ t o,string,
108,42613,VincentMoon_2014G_817.89_825.14,7.25,817.89,825.14,./ressources/audio/TEDLIUM_release-3/legacy/train/sph/VincentMoon_2014G.sph,sph,,VincentMoon_2014G,string,,from one place to another to just let the time go bg tell me in a few words about your new project hbridos here in brazil,string,,f r o m _ o n e _ p l a c e _ t o _ a n o t h e r _ t o _ j u s t _ l e t _ t h e _ t i m e _ g o _ b g _ t e l l _ m e _ i n _ a _ f e w _ w o r d s _ a b o u t _ y o u r _ n e w _ p r o j e c t _ h b r i d o s _ h e r e _ i n _ b r a z i l,string,
37,42542,VincentMoon_2014G_254.99_256.92,1.93,254.99,256.92,./ressources/audio/TEDLIUM_release-3/legacy/train/sph/VincentMoon_2014G.sph,sph,,VincentMoon_2014G,string,, in tbilisi  georgia ,string,,_ i n _ t b i l i s i _ _ g e o r g i a _,string,
95,42600,VincentMoon_2014G_738.84_746.18,7.34,738.84,746.18,./ressources/audio/TEDLIUM_release-3/legacy/train/sph/VincentMoon_2014G.sph,sph,,VincentMoon_2014G,string,,village a town a group of people  how do you break the barrier when you show up with a lens,string,,v i l l a g e _ a _ t o w n _ a _ g r o u p _ o f _ p e o p l e _ _ h o w _ d o _ y o u _ b r e a k _ t h e _ b a r r i e r _ w h e n _ y o u _ s h o w _ u p _ w i t h _ a _ l e n s,string,
117,42622,VincentMoon_2014G_879.98_886.51,6.53,879.98,886.51,./ressources/audio/TEDLIUM_release-3/legacy/train/sph/VincentMoon_2014G.sph,sph,,VincentMoon_2014G,string,,from bg so let 's introduce him  who are we waiting for vm i 'll just make it very short it 's a very,string,,f r o m _ b g _ s o _ l e t _ ' s _ i n t r o d u c e _ h i m _ _ w h o _ a r e _ w e _ w a i t i n g _ f o r _ v m _ i _ ' l l _ j u s t _ m a k e _ i t _ v e r y _ s h o r t _ i t _ ' s _ a _ v e r y,string,
77,42582,VincentMoon_2014G_540.12_541.82,1.7,540.12,541.82,./ressources/audio/TEDLIUM_release-3/legacy/train/sph/VincentMoon_2014G.sph,sph,,VincentMoon_2014G,string,,with the people,string,,w i t h _ t h e _ p e o p l e,string,
61,42566,VincentMoon_2014G_438.3_441.23,2.93,438.3,441.23,./ressources/audio/TEDLIUM_release-3/legacy/train/sph/VincentMoon_2014G.sph,sph,,VincentMoon_2014G,string,,their grandchildren are going to look at their grandfather,string,,t h e i r _ g r a n d c h i l d r e n _ a r e _ g o i n g _ t o _ l o o k _ a t _ t h e i r _ g r a n d f a t h e r,string,
35,42540,VincentMoon_2014G_246.16_249.44,3.28,246.16,249.44,./ressources/audio/TEDLIUM_release-3/legacy/train/sph/VincentMoon_2014G.sph,sph,,VincentMoon_2014G,string,,from the bambir the great rock band from armenia,string,,f r o m _ t h e _ b a m b i r _ t h e _ g r e a t _ r o c k _ b a n d _ f r o m _ a r m e n i a,string,
67,42572,VincentMoon_2014G_496.61_500.02,3.41,496.61,500.02,./ressources/audio/TEDLIUM_release-3/legacy/train/sph/VincentMoon_2014G.sph,sph,,VincentMoon_2014G,string,,keeping this idea in mind  what 's the point,string,,k e e p i n g _ t h i s _ i d e a _ i n _ m i n d _ _ w h a t _ ' s _ t h e _ p o i n t,string,
54,42559,VincentMoon_2014G_383.32_392.24,8.92,383.32,392.24,./ressources/audio/TEDLIUM_release-3/legacy/train/sph/VincentMoon_2014G.sph,sph,,VincentMoon_2014G,string,,and to decide oh this is important to make now this is important to record that whole person  this is important to create this exchange ,string,,a n d _ t o _ d e c i d e _ o h _ t h i s _ i s _ i m p o r t a n t _ t o _ m a k e _ n o w _ t h i s _ i s _ i m p o r t a n t _ t o _ r e c o r d _ t h a t _ w h o l e _ p e r s o n _ _ t h i s _ i s _ i m p o r t a n t _ t o _ c r e a t e _ t h i s _ e x c h a n g e _,string,
46,42551,VincentMoon_2014G_307.57_315.95,8.38,307.57,315.95,./ressources/audio/TEDLIUM_release-3/legacy/train/sph/VincentMoon_2014G.sph,sph,,VincentMoon_2014G,string,,on the spot there going from one place to another and to make cinema as a trek i really believed that cinema could be,string,,o n _ t h e _ s p o t _ t h e r e _ g o i n g _ f r o m _ o n e _ p l a c e _ t o _ a n o t h e r _ a n d _ t o _ m a k e _ c i n e m a _ a s _ a _ t r e k _ i _ r e a l l y _ b e l i e v e d _ t h a t _ c i n e m a _ c o u l d _ b e,string,
76,42581,VincentMoon_2014G_538.35_540.36,2.01,538.35,540.36,./ressources/audio/TEDLIUM_release-3/legacy/train/sph/VincentMoon_2014G.sph,sph,,VincentMoon_2014G,string,,in complete harmony,string,,i n _ c o m p l e t e _ h a r m o n y,string,
101,42606,VincentMoon_2014G_791.33_792.96,1.63,791.33,792.96,./ressources/audio/TEDLIUM_release-3/legacy/train/sph/VincentMoon_2014G.sph,sph,,VincentMoon_2014G,string,,'s correct,string,,' s _ c o r r e c t,string,
72,42577,VincentMoon_2014G_524.64_527.98,3.34,524.64,527.98,./ressources/audio/TEDLIUM_release-3/legacy/train/sph/VincentMoon_2014G.sph,sph,,VincentMoon_2014G,string,,my little tool to get closer,string,,m y _ l i t t l e _ t o o l _ t o _ g e t _ c l o s e r,string,
1,42506,VincentMoon_2014G_19.87_24.84,4.97,19.87,24.84,./ressources/audio/TEDLIUM_release-3/legacy/train/sph/VincentMoon_2014G.sph,sph,,VincentMoon_2014G,string,,to represent the world in an alternative way  as much as possible ,string,,t o _ r e p r e s e n t _ t h e _ w o r l d _ i n _ a n _ a l t e r n a t i v e _ w a y _ _ a s _ m u c h _ a s _ p o s s i b l e _,string,
109,42614,VincentMoon_2014G_825.13_829.46,4.33,825.13,829.46,./ressources/audio/TEDLIUM_release-3/legacy/train/sph/VincentMoon_2014G.sph,sph,,VincentMoon_2014G,string,, just before coming to tedglobal you have actually been traveling around the country for that,string,,_ j u s t _ b e f o r e _ c o m i n g _ t o _ t e d g l o b a l _ y o u _ h a v e _ a c t u a l l y _ b e e n _ t r a v e l i n g _ a r o u n d _ t h e _ c o u n t r y _ f o r _ t h a t,string,
114,42619,VincentMoon_2014G_859.01_865.35,6.34,859.01,865.35,./ressources/audio/TEDLIUM_release-3/legacy/train/sph/VincentMoon_2014G.sph,sph,,VincentMoon_2014G,string,,momentarily and vincent 's going to introduce him  is one of the subjects of one of his past,string,,m o m e n t a r i l y _ a n d _ v i n c e n t _ ' s _ g o i n g _ t o _ i n t r o d u c e _ h i m _ _ i s _ o n e _ o f _ t h e _ s u b j e c t s _ o f _ o n e _ o f _ h i s _ p a s t,string,
80,42585,VincentMoon_2014G_559.37_562.66,3.29,559.37,562.66,./ressources/audio/TEDLIUM_release-3/legacy/train/sph/VincentMoon_2014G.sph,sph,,VincentMoon_2014G,string,,from the tana toraja funeral ritual in indonesia,string,,f r o m _ t h e _ t a n a _ t o r a j a _ f u n e r a l _ r i t u a l _ i n _ i n d o n e s i a,string,
32,42537,VincentMoon_2014G_202.26_209.27,7.01,202.26,209.27,./ressources/audio/TEDLIUM_release-3/legacy/train/sph/VincentMoon_2014G.sph,sph,,VincentMoon_2014G,string,, was also an homage to french filmmaker chris marker we 're going to see now a few more extracts of those new films,string,,_ w a s _ a l s o _ a n _ h o m a g e _ t o _ f r e n c h _ f i l m m a k e r _ c h r i s _ m a r k e r _ w e _ ' r e _ g o i n g _ t o _ s e e _ n o w _ a _ f e w _ m o r e _ e x t r a c t s _ o f _ t h o s e _ n e w _ f i l m s,string,
69,42574,VincentMoon_2014G_510.14_513.37,3.23,510.14,513.37,./ressources/audio/TEDLIUM_release-3/legacy/train/sph/VincentMoon_2014G.sph,sph,,VincentMoon_2014G,string,,about what i would discover which is a very simple thing ,string,,a b o u t _ w h a t _ i _ w o u l d _ d i s c o v e r _ w h i c h _ i s _ a _ v e r y _ s i m p l e _ t h i n g _,string,
34,42539,VincentMoon_2014G_237.85_243.56,5.71,237.85,243.56,./ressources/audio/TEDLIUM_release-3/legacy/train/sph/VincentMoon_2014G.sph,sph,,VincentMoon_2014G,string,,brazilian icon tom z singing on his rooftop in so paolo ,string,,b r a z i l i a n _ i c o n _ t o m _ z _ s i n g i n g _ o n _ h i s _ r o o f t o p _ i n _ s o _ p a o l o _,string,
104,42609,VincentMoon_2014G_806.19_807.24,1.05,806.19,807.24,./ressources/audio/TEDLIUM_release-3/legacy/train/sph/VincentMoon_2014G.sph,sph,,VincentMoon_2014G,string,, going to,string,,_ g o i n g _ t o,string,
79,42584,VincentMoon_2014G_551.71_553.56,1.85,551.71,553.56,./ressources/audio/TEDLIUM_release-3/legacy/train/sph/VincentMoon_2014G.sph,sph,,VincentMoon_2014G,string,,maybe a few more extracts now,string,,m a y b e _ a _ f e w _ m o r e _ e x t r a c t s _ n o w,string,
33,42538,VincentMoon_2014G_231.13_235.55,4.42,231.13,235.55,./ressources/audio/TEDLIUM_release-3/legacy/train/sph/VincentMoon_2014G.sph,sph,,VincentMoon_2014G,string,, from experimental electronic music in singapore with one man nation to,string,,_ f r o m _ e x p e r i m e n t a l _ e l e c t r o n i c _ m u s i c _ i n _ s i n g a p o r e _ w i t h _ o n e _ m a n _ n a t i o n _ t o,string,
128,42633,VincentMoon_2014G_1269.9_1271.96,2.06,1269.9,1271.96,./ressources/audio/TEDLIUM_release-3/legacy/train/sph/VincentMoon_2014G.sph,sph,,VincentMoon_2014G,string,,way,string,,w a y,string,
45,42550,VincentMoon_2014G_304.89_307.64,2.75,304.89,307.64,./ressources/audio/TEDLIUM_release-3/legacy/train/sph/VincentMoon_2014G.sph,sph,,VincentMoon_2014G,string,,absolutely not professional people,string,,a b s o l u t e l y _ n o t _ p r o f e s s i o n a l _ p e o p l e,string,
0,42505,VincentMoon_2014G_12.91_19.91,7.0,12.91,19.91,./ressources/audio/TEDLIUM_release-3/legacy/train/sph/VincentMoon_2014G.sph,sph,,VincentMoon_2014G,string,, how can we use computers  cameras  microphones,string,,_ h o w _ c a n _ w e _ u s e _ c o m p u t e r s _ _ c a m e r a s _ _ m i c r o p h o n e s,string,
65,42570,VincentMoon_2014G_486.68_493.89,7.21,486.68,493.89,./ressources/audio/TEDLIUM_release-3/legacy/train/sph/VincentMoon_2014G.sph,sph,,VincentMoon_2014G,string,,nowadays in an era saturated by images  what 's the point of that where do we go with it ,string,,n o w a d a y s _ i n _ a n _ e r a _ s a t u r a t e d _ b y _ i m a g e s _ _ w h a t _ ' s _ t h e _ p o i n t _ o f _ t h a t _ w h e r e _ d o _ w e _ g o _ w i t h _ i t _,string,
42,42547,VincentMoon_2014G_285_287.95,2.95,285.0,287.95,./ressources/audio/TEDLIUM_release-3/legacy/train/sph/VincentMoon_2014G.sph,sph,,VincentMoon_2014G,string,,my desire was to make it as a trek ,string,,m y _ d e s i r e _ w a s _ t o _ m a k e _ i t _ a s _ a _ t r e k _,string,
126,42631,VincentMoon_2014G_1200_1218.51,18.51,1200.0,1218.51,./ressources/audio/TEDLIUM_release-3/legacy/train/sph/VincentMoon_2014G.sph,sph,,VincentMoon_2014G,string,,the,string,,t h e,string,
17,42522,VincentMoon_2014G_118.52_125.14,6.62,118.52,125.14,./ressources/audio/TEDLIUM_release-3/legacy/train/sph/VincentMoon_2014G.sph,sph,,VincentMoon_2014G,string,,from bon iver playing with some friends in an apartment in montmartre to,string,,f r o m _ b o n _ i v e r _ p l a y i n g _ w i t h _ s o m e _ f r i e n d s _ i n _ a n _ a p a r t m e n t _ i n _ m o n t m a r t r e _ t o,string,
70,42575,VincentMoon_2014G_512.94_518.71,5.77,512.94,518.71,./ressources/audio/TEDLIUM_release-3/legacy/train/sph/VincentMoon_2014G.sph,sph,,VincentMoon_2014G,string,,everything was sacred at first and music was spiritual healing ,string,,e v e r y t h i n g _ w a s _ s a c r e d _ a t _ f i r s t _ a n d _ m u s i c _ w a s _ s p i r i t u a l _ h e a l i n g _,string,
71,42576,VincentMoon_2014G_521.01_524.05,3.04,521.01,524.05,./ressources/audio/TEDLIUM_release-3/legacy/train/sph/VincentMoon_2014G.sph,sph,,VincentMoon_2014G,string,,how could i use my camera ,string,,h o w _ c o u l d _ i _ u s e _ m y _ c a m e r a _,string,
120,42625,VincentMoon_2014G_947.27_948.49,1.22,947.27,948.49,./ressources/audio/TEDLIUM_release-3/legacy/train/sph/VincentMoon_2014G.sph,sph,,VincentMoon_2014G,string,, was,string,,_ w a s,string,
39,42544,VincentMoon_2014G_266.64_267.64,1.0,266.64,267.64,./ressources/audio/TEDLIUM_release-3/legacy/train/sph/VincentMoon_2014G.sph,sph,,VincentMoon_2014G,string,,to,string,,t o,string,
43,42548,VincentMoon_2014G_287.88_297.1,9.22,287.88,297.1,./ressources/audio/TEDLIUM_release-3/legacy/train/sph/VincentMoon_2014G.sph,sph,,VincentMoon_2014G,string,,to do all those films it would have been impossible with a big company behind me with a structure or anything  i was traveling alone with a backpack,string,,t o _ d o _ a l l _ t h o s e _ f i l m s _ i t _ w o u l d _ h a v e _ b e e n _ i m p o s s i b l e _ w i t h _ a _ b i g _ c o m p a n y _ b e h i n d _ m e _ w i t h _ a _ s t r u c t u r e _ o r _ a n y t h i n g _ _ i _ w a s _ t r a v e l i n g _ a l o n e _ w i t h _ a _ b a c k p a c k,string,
18,42523,VincentMoon_2014G_130.44_131.83,1.39,130.44,131.83,./ressources/audio/TEDLIUM_release-3/legacy/train/sph/VincentMoon_2014G.sph,sph,,VincentMoon_2014G,string,, many more,string,,_ m a n y _ m o r e,string,
58,42563,VincentMoon_2014G_413.99_421.59,7.6,413.99,421.59,./ressources/audio/TEDLIUM_release-3/legacy/train/sph/VincentMoon_2014G.sph,sph,,VincentMoon_2014G,string,,incredible culture of sufism in chechnya  which is absolutely unknown outside of the region,string,,i n c r e d i b l e _ c u l t u r e _ o f _ s u f i s m _ i n _ c h e c h n y a _ _ w h i c h _ i s _ a b s o l u t e l y _ u n k n o w n _ o u t s i d e _ o f _ t h e _ r e g i o n,string,
91,42596,VincentMoon_2014G_680.04_687.68,7.64,680.04,687.68,./ressources/audio/TEDLIUM_release-3/legacy/train/sph/VincentMoon_2014G.sph,sph,,VincentMoon_2014G,string,,events only simplifications of everyday life i think we are recording to regain a certain complexity ,string,,e v e n t s _ o n l y _ s i m p l i f i c a t i o n s _ o f _ e v e r y d a y _ l i f e _ i _ t h i n k _ w e _ a r e _ r e c o r d i n g _ t o _ r e g a i n _ a _ c e r t a i n _ c o m p l e x i t y _,string,
23,42528,VincentMoon_2014G_156.02_162.08,6.06,156.02,162.08,./ressources/audio/TEDLIUM_release-3/legacy/train/sph/VincentMoon_2014G.sph,sph,,VincentMoon_2014G,string,,and i guess that 's why the project we were making the take away shows got quite successful  reaching,string,,a n d _ i _ g u e s s _ t h a t _ ' s _ w h y _ t h e _ p r o j e c t _ w e _ w e r e _ m a k i n g _ t h e _ t a k e _ a w a y _ s h o w s _ g o t _ q u i t e _ s u c c e s s f u l _ _ r e a c h i n g,string,
2,42507,VincentMoon_2014G_27.05_35.61,8.56,27.05,35.61,./ressources/audio/TEDLIUM_release-3/legacy/train/sph/VincentMoon_2014G.sph,sph,,VincentMoon_2014G,string,, possible to use the internet to create a new form of cinema and actually why do we record well,string,,_ p o s s i b l e _ t o _ u s e _ t h e _ i n t e r n e t _ t o _ c r e a t e _ a _ n e w _ f o r m _ o f _ c i n e m a _ a n d _ a c t u a l l y _ w h y _ d o _ w e _ r e c o r d _ w e l l,string,
14,42519,VincentMoon_2014G_104.87_106.02,1.15,104.87,106.02,./ressources/audio/TEDLIUM_release-3/legacy/train/sph/VincentMoon_2014G.sph,sph,,VincentMoon_2014G,string,, brooklyn ,string,,_ b r o o k l y n _,string,
48,42553,VincentMoon_2014G_341.81_345.01,3.2,341.81,345.01,./ressources/audio/TEDLIUM_release-3/legacy/train/sph/VincentMoon_2014G.sph,sph,,VincentMoon_2014G,string,, had no idea about what i would do there,string,,_ h a d _ n o _ i d e a _ a b o u t _ w h a t _ i _ w o u l d _ d o _ t h e r e,string,
15,42520,VincentMoon_2014G_108.29_110.52,2.23,108.29,110.52,./ressources/audio/TEDLIUM_release-3/legacy/train/sph/VincentMoon_2014G.sph,sph,,VincentMoon_2014G,string,,from r e m in a car,string,,f r o m _ r _ e _ m _ i n _ a _ c a r,string,
105,42610,VincentMoon_2014G_806.88_809.86,2.98,806.88,809.86,./ressources/audio/TEDLIUM_release-3/legacy/train/sph/VincentMoon_2014G.sph,sph,,VincentMoon_2014G,string,,get closer to the moment ,string,,g e t _ c l o s e r _ t o _ t h e _ m o m e n t _,string,
47,42552,VincentMoon_2014G_316.06_324.99,8.93,316.06,324.99,./ressources/audio/TEDLIUM_release-3/legacy/train/sph/VincentMoon_2014G.sph,sph,,VincentMoon_2014G,string,,this very simple thing  i want to make a film and you 're going to give me a place to stay for the night  i give you a moment of cinema,string,,t h i s _ v e r y _ s i m p l e _ t h i n g _ _ i _ w a n t _ t o _ m a k e _ a _ f i l m _ a n d _ y o u _ ' r e _ g o i n g _ t o _ g i v e _ m e _ a _ p l a c e _ t o _ s t a y _ f o r _ t h e _ n i g h t _ _ i _ g i v e _ y o u _ a _ m o m e n t _ o f _ c i n e m a,string,
16,42521,VincentMoon_2014G_112.13_116.28,4.15,112.13,116.28,./ressources/audio/TEDLIUM_release-3/legacy/train/sph/VincentMoon_2014G.sph,sph,,VincentMoon_2014G,string,,to the national around a table at night in the south of france,string,,t o _ t h e _ n a t i o n a l _ a r o u n d _ a _ t a b l e _ a t _ n i g h t _ i n _ t h e _ s o u t h _ o f _ f r a n c e,string,
62,42567,VincentMoon_2014G_455.08_456.74,1.66,455.08,456.74,./ressources/audio/TEDLIUM_release-3/legacy/train/sph/VincentMoon_2014G.sph,sph,,VincentMoon_2014G,string,, that 's the way,string,,_ t h a t _ ' s _ t h e _ w a y,string,
63,42568,VincentMoon_2014G_456.28_465.6,9.32,456.28,465.6,./ressources/audio/TEDLIUM_release-3/legacy/train/sph/VincentMoon_2014G.sph,sph,,VincentMoon_2014G,string,,people are going to look differently at their own culture at their own land they 're going to think about it differently it may be a way to maintain a certain diversity,string,,p e o p l e _ a r e _ g o i n g _ t o _ l o o k _ d i f f e r e n t l y _ a t _ t h e i r _ o w n _ c u l t u r e _ a t _ t h e i r _ o w n _ l a n d _ t h e y _ ' r e _ g o i n g _ t o _ t h i n k _ a b o u t _ i t _ d i f f e r e n t l y _ i t _ m a y _ b e _ a _ w a y _ t o _ m a i n t a i n _ a _ c e r t a i n _ d i v e r s i t y,string,
55,42560,VincentMoon_2014G_392.68_397.64,4.96,392.68,397.64,./ressources/audio/TEDLIUM_release-3/legacy/train/sph/VincentMoon_2014G.sph,sph,,VincentMoon_2014G,string,,when i went to chechnya  the first person i met,string,,w h e n _ i _ w e n t _ t o _ c h e c h n y a _ _ t h e _ f i r s t _ p e r s o n _ i _ m e t,string,
74,42579,VincentMoon_2014G_530.13_534.92,4.79,530.13,534.92,./ressources/audio/TEDLIUM_release-3/legacy/train/sph/VincentMoon_2014G.sph,sph,,VincentMoon_2014G,string,,not only capture the trance but find an equivalent a ,string,,n o t _ o n l y _ c a p t u r e _ t h e _ t r a n c e _ b u t _ f i n d _ a n _ e q u i v a l e n t _ a _,string,
75,42580,VincentMoon_2014G_535.95_538.59,2.64,535.95,538.59,./ressources/audio/TEDLIUM_release-3/legacy/train/sph/VincentMoon_2014G.sph,sph,,VincentMoon_2014G,string,,maybe  something,string,,m a y b e _ _ s o m e t h i n g,string,
107,42612,VincentMoon_2014G_816.86_818.29,1.43,816.86,818.29,./ressources/audio/TEDLIUM_release-3/legacy/train/sph/VincentMoon_2014G.sph,sph,,VincentMoon_2014G,string,,all the time,string,,a l l _ t h e _ t i m e,string,
68,42573,VincentMoon_2014G_501.45_510.32,8.87,501.45,510.32,./ressources/audio/TEDLIUM_release-3/legacy/train/sph/VincentMoon_2014G.sph,sph,,VincentMoon_2014G,string,, was researching on music trying to pull  trying to get closer to a certain origin of it where is this all coming from i am french  i had no idea,string,,_ w a s _ r e s e a r c h i n g _ o n _ m u s i c _ t r y i n g _ t o _ p u l l _ _ t r y i n g _ t o _ g e t _ c l o s e r _ t o _ a _ c e r t a i n _ o r i g i n _ o f _ i t _ w h e r e _ i s _ t h i s _ a l l _ c o m i n g _ f r o m _ i _ a m _ f r e n c h _ _ i _ h a d _ n o _ i d e a,string,
130,42635,VincentMoon_2014G_1350_1380,30.0,1350.0,1380.0,./ressources/audio/TEDLIUM_release-3/legacy/train/sph/VincentMoon_2014G.sph,sph,,VincentMoon_2014G,string,,the,string,,t h e,string,
112,42617,VincentMoon_2014G_844.29_850.08,5.79,844.29,850.08,./ressources/audio/TEDLIUM_release-3/legacy/train/sph/VincentMoon_2014G.sph,sph,,VincentMoon_2014G,string,,big project i 'm doing over this year  which is researching in very different,string,,b i g _ p r o j e c t _ i _ ' m _ d o i n g _ o v e r _ t h i s _ y e a r _ _ w h i c h _ i s _ r e s e a r c h i n g _ i n _ v e r y _ d i f f e r e n t,string,
64,42569,VincentMoon_2014G_479.99_486.99,7.0,479.99,486.99,./ressources/audio/TEDLIUM_release-3/legacy/train/sph/VincentMoon_2014G.sph,sph,,VincentMoon_2014G,string,, is a tombstone of a live performance it 's a really good sentence to keep in mind,string,,_ i s _ a _ t o m b s t o n e _ o f _ a _ l i v e _ p e r f o r m a n c e _ i t _ ' s _ a _ r e a l l y _ g o o d _ s e n t e n c e _ t o _ k e e p _ i n _ m i n d,string,
127,42632,VincentMoon_2014G_1265.67_1267.48,1.81,1265.67,1267.48,./ressources/audio/TEDLIUM_release-3/legacy/train/sph/VincentMoon_2014G.sph,sph,,VincentMoon_2014G,string,, in a,string,,_ i n _ a,string,
25,42530,VincentMoon_2014G_166.57_167.96,1.39,166.57,167.96,./ressources/audio/TEDLIUM_release-3/legacy/train/sph/VincentMoon_2014G.sph,sph,,VincentMoon_2014G,string,,a bit,string,,a _ b i t,string,
60,42565,VincentMoon_2014G_429.9_438.7,8.8,429.9,438.7,./ressources/audio/TEDLIUM_release-3/legacy/train/sph/VincentMoon_2014G.sph,sph,,VincentMoon_2014G,string,, would also really give them to the people and i would let them do what they want with it i just want to represent them in a beautiful light i just want to portray them in a way that,string,,_ w o u l d _ a l s o _ r e a l l y _ g i v e _ t h e m _ t o _ t h e _ p e o p l e _ a n d _ i _ w o u l d _ l e t _ t h e m _ d o _ w h a t _ t h e y _ w a n t _ w i t h _ i t _ i _ j u s t _ w a n t _ t o _ r e p r e s e n t _ t h e m _ i n _ a _ b e a u t i f u l _ l i g h t _ i _ j u s t _ w a n t _ t o _ p o r t r a y _ t h e m _ i n _ a _ w a y _ t h a t,string,
24,42529,VincentMoon_2014G_161.62_166.85,5.23,161.62,166.85,./ressources/audio/TEDLIUM_release-3/legacy/train/sph/VincentMoon_2014G.sph,sph,,VincentMoon_2014G,string,,millions of viewers  after a while i got,string,,m i l l i o n s _ o f _ v i e w e r s _ _ a f t e r _ a _ w h i l e _ i _ g o t,string,
40,42545,VincentMoon_2014G_280.17_281.23,1.06,280.17,281.23,./ressources/audio/TEDLIUM_release-3/legacy/train/sph/VincentMoon_2014G.sph,sph,,VincentMoon_2014G,string,, many,string,,_ m a n y,string,
122,42627,VincentMoon_2014G_975_979.23,4.23,975.0,979.23,./ressources/audio/TEDLIUM_release-3/legacy/train/sph/VincentMoon_2014G.sph,sph,,VincentMoon_2014G,string,,the,string,,t h e,string,
99,42604,VincentMoon_2014G_777.49_779.82,2.33,777.49,779.82,./ressources/audio/TEDLIUM_release-3/legacy/train/sph/VincentMoon_2014G.sph,sph,,VincentMoon_2014G,string,,made are actually one single shot,string,,m a d e _ a r e _ a c t u a l l y _ o n e _ s i n g l e _ s h o t,string,
13,42518,VincentMoon_2014G_98.26_104.1,5.84,98.26,104.1,./ressources/audio/TEDLIUM_release-3/legacy/train/sph/VincentMoon_2014G.sph,sph,,VincentMoon_2014G,string,,from arcade fire in an elevator in the olympia to beirut going down,string,,f r o m _ a r c a d e _ f i r e _ i n _ a n _ e l e v a t o r _ i n _ t h e _ o l y m p i a _ t o _ b e i r u t _ g o i n g _ d o w n,string,
129,42634,VincentMoon_2014G_1300_1321.24,21.24,1300.0,1321.24,./ressources/audio/TEDLIUM_release-3/legacy/train/sph/VincentMoon_2014G.sph,sph,,VincentMoon_2014G,string,,the,string,,t h e,string,
3,42508,VincentMoon_2014G_36.65_42.24,5.59,36.65,42.24,./ressources/audio/TEDLIUM_release-3/legacy/train/sph/VincentMoon_2014G.sph,sph,,VincentMoon_2014G,string,,it is with such simple questions in mind that i started to make films,string,,i t _ i s _ w i t h _ s u c h _ s i m p l e _ q u e s t i o n s _ i n _ m i n d _ t h a t _ i _ s t a r t e d _ t o _ m a k e _ f i l m s,string,
106,42611,VincentMoon_2014G_809.43_817.07,7.64,809.43,817.07,./ressources/audio/TEDLIUM_release-3/legacy/train/sph/VincentMoon_2014G.sph,sph,,VincentMoon_2014G,string,,to that moment and to that place i really think of that as a matter of respecting the viewer  to not cut,string,,t o _ t h a t _ m o m e n t _ a n d _ t o _ t h a t _ p l a c e _ i _ r e a l l y _ t h i n k _ o f _ t h a t _ a s _ a _ m a t t e r _ o f _ r e s p e c t i n g _ t h e _ v i e w e r _ _ t o _ n o t _ c u t,string,
38,42543,VincentMoon_2014G_259.67_264.96,5.29,259.67,264.96,./ressources/audio/TEDLIUM_release-3/legacy/train/sph/VincentMoon_2014G.sph,sph,,VincentMoon_2014G,string,,from white shoes a great retro pop band from jakarta indonesia,string,,f r o m _ w h i t e _ s h o e s _ a _ g r e a t _ r e t r o _ p o p _ b a n d _ f r o m _ j a k a r t a _ i n d o n e s i a,string,
49,42554,VincentMoon_2014G_354.99_362.38,7.39,354.99,362.38,./ressources/audio/TEDLIUM_release-3/legacy/train/sph/VincentMoon_2014G.sph,sph,,VincentMoon_2014G,string,, three months later  after traveling all around the country i had recorded  thirty three films only with the help,string,,_ t h r e e _ m o n t h s _ l a t e r _ _ a f t e r _ t r a v e l i n g _ a l l _ a r o u n d _ t h e _ c o u n t r y _ i _ h a d _ r e c o r d e d _ _ t h i r t y _ t h r e e _ f i l m s _ o n l y _ w i t h _ t h e _ h e l p,string,
41,42546,VincentMoon_2014G_280.74_284.53,3.79,280.74,284.53,./ressources/audio/TEDLIUM_release-3/legacy/train/sph/VincentMoon_2014G.sph,sph,,VincentMoon_2014G,string,,other places and musicians around the world ,string,,o t h e r _ p l a c e s _ a n d _ m u s i c i a n s _ a r o u n d _ t h e _ w o r l d _,string,
124,42629,VincentMoon_2014G_1134.34_1135.92,1.58,1134.34,1135.92,./ressources/audio/TEDLIUM_release-3/legacy/train/sph/VincentMoon_2014G.sph,sph,,VincentMoon_2014G,string,, correct,string,,_ c o r r e c t,string,
83,42588,VincentMoon_2014G_606.82_610.55,3.73,606.82,610.55,./ressources/audio/TEDLIUM_release-3/legacy/train/sph/VincentMoon_2014G.sph,sph,,VincentMoon_2014G,string,, some sufi songs in harar the holy city of ethiopia ,string,,_ s o m e _ s u f i _ s o n g s _ i n _ h a r a r _ t h e _ h o l y _ c i t y _ o f _ e t h i o p i a _,string,
93,42598,VincentMoon_2014G_722.99_729.82,6.83,722.99,729.82,./ressources/audio/TEDLIUM_release-3/legacy/train/sph/VincentMoon_2014G.sph,sph,,VincentMoon_2014G,string,, you show up in places like the ones you just have shown us and you are carrying a camera and i assume that,string,,_ y o u _ s h o w _ u p _ i n _ p l a c e s _ l i k e _ t h e _ o n e s _ y o u _ j u s t _ h a v e _ s h o w n _ u s _ a n d _ y o u _ a r e _ c a r r y i n g _ a _ c a m e r a _ a n d _ i _ a s s u m e _ t h a t,string,
98,42603,VincentMoon_2014G_767.74_777.98,10.24,767.74,777.98,./ressources/audio/TEDLIUM_release-3/legacy/train/sph/VincentMoon_2014G.sph,sph,,VincentMoon_2014G,string,,by engaging your body in the moment in the ceremony in the places people welcome you and understand your energy bg you told me that most of the videos you have,string,,b y _ e n g a g i n g _ y o u r _ b o d y _ i n _ t h e _ m o m e n t _ i n _ t h e _ c e r e m o n y _ i n _ t h e _ p l a c e s _ p e o p l e _ w e l c o m e _ y o u _ a n d _ u n d e r s t a n d _ y o u r _ e n e r g y _ b g _ y o u _ t o l d _ m e _ t h a t _ m o s t _ o f _ t h e _ v i d e o s _ y o u _ h a v e,string,
81,42586,VincentMoon_2014G_590.46_593.47,3.01,590.46,593.47,./ressources/audio/TEDLIUM_release-3/legacy/train/sph/VincentMoon_2014G.sph,sph,,VincentMoon_2014G,string,, the sufi rituals of chechnya,string,,_ t h e _ s u f i _ r i t u a l s _ o f _ c h e c h n y a,string,
102,42607,VincentMoon_2014G_792.86_797.13,4.27,792.86,797.13,./ressources/audio/TEDLIUM_release-3/legacy/train/sph/VincentMoon_2014G.sph,sph,,VincentMoon_2014G,string,,vm my idea is that i think that as long as we,string,,v m _ m y _ i d e a _ i s _ t h a t _ i _ t h i n k _ t h a t _ a s _ l o n g _ a s _ w e,string,
66,42571,VincentMoon_2014G_494.81_497.07,2.26,494.81,497.07,./ressources/audio/TEDLIUM_release-3/legacy/train/sph/VincentMoon_2014G.sph,sph,,VincentMoon_2014G,string,,i was researching i was still,string,,i _ w a s _ r e s e a r c h i n g _ i _ w a s _ s t i l l,string,
22,42527,VincentMoon_2014G_152.05_156.02,3.97,152.05,156.02,./ressources/audio/TEDLIUM_release-3/legacy/train/sph/VincentMoon_2014G.sph,sph,,VincentMoon_2014G,string,,ten years ago actually there was no such project on the internet ,string,,t e n _ y e a r s _ a g o _ a c t u a l l y _ t h e r e _ w a s _ n o _ s u c h _ p r o j e c t _ o n _ t h e _ i n t e r n e t _,string,
103,42608,VincentMoon_2014G_797.18_799.99,2.81,797.18,799.99,./ressources/audio/TEDLIUM_release-3/legacy/train/sph/VincentMoon_2014G.sph,sph,,VincentMoon_2014G,string,,don 't cut in a way as long,string,,d o n _ ' t _ c u t _ i n _ a _ w a y _ a s _ l o n g,string,
87,42592,VincentMoon_2014G_644.33_649.93,5.6,644.33,649.93,./ressources/audio/TEDLIUM_release-3/legacy/train/sph/VincentMoon_2014G.sph,sph,,VincentMoon_2014G,string,,trying to to hybrid all those different genres  trying to regain a certain,string,,t r y i n g _ t o _ t o _ h y b r i d _ a l l _ t h o s e _ d i f f e r e n t _ g e n r e s _ _ t r y i n g _ t o _ r e g a i n _ a _ c e r t a i n,string,
97,42602,VincentMoon_2014G_758.63_767.63,9.0,758.63,767.63,./ressources/audio/TEDLIUM_release-3/legacy/train/sph/VincentMoon_2014G.sph,sph,,VincentMoon_2014G,string,,the memory of the body more than the memory of the brain the respect is stepping forward not stepping backward and i really think that,string,,t h e _ m e m o r y _ o f _ t h e _ b o d y _ m o r e _ t h a n _ t h e _ m e m o r y _ o f _ t h e _ b r a i n _ t h e _ r e s p e c t _ i s _ s t e p p i n g _ f o r w a r d _ n o t _ s t e p p i n g _ b a c k w a r d _ a n d _ i _ r e a l l y _ t h i n k _ t h a t,string,
131,42636,VincentMoon_2014G_1375_1388.62,13.62,1375.0,1388.62,./ressources/audio/TEDLIUM_release-3/legacy/train/sph/VincentMoon_2014G.sph,sph,,VincentMoon_2014G,string,,the,string,,t h e,string,
8,42513,VincentMoon_2014G_65.13_67.46,2.33,65.13,67.46,./ressources/audio/TEDLIUM_release-3/legacy/train/sph/VincentMoon_2014G.sph,sph,,VincentMoon_2014G,string,,we started to publish,string,,w e _ s t a r t e d _ t o _ p u b l i s h,string,
11,42516,VincentMoon_2014G_88.57_91.67,3.1,88.57,91.67,./ressources/audio/TEDLIUM_release-3/legacy/train/sph/VincentMoon_2014G.sph,sph,,VincentMoon_2014G,string,,from phoenix playing by the eiffel tower,string,,f r o m _ p h o e n i x _ p l a y i n g _ b y _ t h e _ e i f f e l _ t o w e r,string,
